_viz_config[A].pos=(0.3072289156626506, 0.875)
_viz_config[A].size=(0.060240963855421686, 0.0625)
_viz_config[B].pos=(0.3072289156626506, 0.3125)
_viz_config[B].size=(0.060240963855421686, 0.0625)
_viz_config[Bind].pos=(0.660335071013758, 0.30423553719008456)
_viz_config[Bind].size=(0.05008110551145992, 0.07024793388429798)
_viz_config[Bind].expanded=False
_viz_config[Bind].has_layout=False
_viz_config[Bind.product].expanded=False
_viz_config[Bind.product].has_layout=False
_viz_config[Bind.product.sq1].expanded=False
_viz_config[Bind.product.sq1].has_layout=False
_viz_config[Bind.product.sq2].expanded=False
_viz_config[Bind.product.sq2].has_layout=False
_viz_config[C].pos=(0.9065553065293033, 0.300103305785124)
_viz_config[C].size=(0.060240963855421686, 0.0625)
_viz_config[Sum].pos=(0.6084337349397589, 0.875)
_viz_config[Sum].size=(0.060240963855421686, 0.0625)
_viz_0 = nengo_gui.components.Value(Bind)
_viz_config[_viz_0].label_visible = True
_viz_config[_viz_0].width = 0.10277492291880781
_viz_config[_viz_0].x = 0.8214130932775272
_viz_config[_viz_0].y = 0.6398071625344379
_viz_config[_viz_0].max_value = 1
_viz_config[_viz_0].min_value = -1
_viz_config[_viz_0].height = 0.19157088122605365
_viz_1 = nengo_gui.components.Value(C)
_viz_config[_viz_1].label_visible = True
_viz_config[_viz_1].width = 0.10277492291880781
_viz_config[_viz_1].x = 0.33332817394965325
_viz_config[_viz_1].y = 0.22581417624521113
_viz_config[_viz_1].max_value = 1
_viz_config[_viz_1].min_value = -1
_viz_config[_viz_1].height = 0.19157088122605365
_viz_ace_editor = nengo_gui.components.AceEditor()
_viz_net_graph = nengo_gui.components.NetGraph()
_viz_sim_control = nengo_gui.components.SimControl()
_viz_config[_viz_sim_control].kept_time = 4.0
_viz_config[_viz_sim_control].shown_time = 0.5
_viz_config[inputA].pos=(0.0783132530120482, 0.875)
_viz_config[inputA].size=(0.048192771084337345, 0.05)
_viz_config[inputB].pos=(0.0783132530120482, 0.3125)
_viz_config[inputB].size=(0.048192771084337345, 0.05)
_viz_config[model].pos=(0.01927996662050342, -0.00444132479183834)
_viz_config[model].size=(0.9978025280069914, 0.9978025280069914)
_viz_config[model].expanded=True
_viz_config[model].has_layout=True